FR0000045072;02/07/18;11.35;11.395;11.105;11.38;7000096
FR0000051732;02/07/18;117.00;117.40;116.35;117.05;250370
FR0000052292;02/07/18;521.80;522.20;516.00;516.60;69936
FR0000073272;02/07/18;102.35;102.85;101.70;102.30;1521718
FR0000120073;02/07/18;96.9545;97.5909;96.2727;97.2273;1064829
FR0000120172;02/07/18;13.87;14.01;13.695;13.74;5994502
FR0000120271;02/07/18;51.69;52.54;51.35;52.21;6147475
FR0000120321;02/07/18;209.80;210.90;207.80;209.10;515500
FR0000120404;02/07/18;41.58;42.13;41.46;42.03;887205
FR0000120503;02/07/18;36.63;36.95;36.36;36.82;954163
FR0000120578;02/07/18;68.15;69.03;68.05;68.80;2636838
FR0000120628;02/07/18;20.875;20.90;20.68;20.825;7261606
FR0000120644;02/07/18;62.32;63.82;62.24;63.65;1779249
FR0000120693;02/07/18;139.90;139.90;138.35;139.15;391519
FR0000121014;02/07/18;283.05;284.85;281.00;281.45;621340
FR0000121220;02/07/18;85.42;85.82;84.82;85.68;455811
FR0000121261;02/07/18;103.60;104.65;102.85;103.50;465755
FR0000121329;02/07/18;109.70;109.85;108.80;108.95;168373
FR0000121485;02/07/18;475.70;483.80;471.50;472.50;259161
FR0000121501;02/07/18;19.42;19.645;19.15;19.51;2674114
FR0000121667;02/07/18;120.40;120.60;118.25;118.75;670433
FR0000121972;02/07/18;70.66;70.74;69.88;70.14;1534696
FR0000124141;02/07/18;18.20;18.365;18.14;18.295;1859074
FR0000125007;02/07/18;37.88;38.03;37.435;37.81;2091819
FR0000125338;02/07/18;114.65;115.00;113.65;114.05;605586
FR0000125486;02/07/18;81.54;81.82;81.08;81.42;1189434
FR0000127771;02/07/18;20.80;20.88;20.60;20.62;4749833
FR0000130577;02/07/18;58.10;58.84;58.10;58.14;523057
FR0000130650;02/07/18;119.45;119.75;117.75;118.80;304355
FR0000130809;02/07/18;35.93;36.22;35.44;36.045;3340103
FR0000131104;02/07/18;52.70;52.96;51.98;52.94;3132659
FR0000131906;02/07/18;72.21;73.16;71.40;72.28;1533613
FR0000133308;02/07/18;14.20;14.325;14.125;14.245;5561383
FR0010208488;02/07/18;13.05;13.205;12.985;13.15;4456944
FR0010307819;02/07/18;62.18;62.36;61.88;62.06;539699
FR0013326246;02/07/18;184.60;186.95;184.50;185.50;335284
GB00BDSFG982;02/07/18;26.81;26.84;26.35;26.43;1750195
LU1598757687;02/07/18;24.365;24.845;24.05;24.64;6334376
NL0000226223;02/07/18;18.81;19.065;18.615;18.735;3011556
NL0000235190;02/07/18;97.65;99.11;97.03;97.71;1658934
