FR0000045072;02/12/19;12.495;12.635;12.285;12.34;6203459
FR0000051732;02/12/19;77.10;77.78;75.20;75.48;473219
FR0000052292;02/12/19;682.40;689.20;663.40;665.00;85683
FR0000073272;02/12/19;148.40;149.50;144.75;144.85;872335
FR0000120073;02/12/19;122.80;123.20;119.60;119.60;1213133
FR0000120172;02/12/19;14.98;15.125;14.755;14.78;2918100
FR0000120271;02/12/19;47.69;48.28;47.01;47.08;6359812
FR0000120321;02/12/19;257.90;259.70;251.40;251.70;657810
FR0000120404;02/12/19;38.78;39.01;37.97;38.17;809349
FR0000120503;02/12/19;37.08;37.24;36.32;36.42;1480571
FR0000120578;02/12/19;84.81;85.40;82.43;82.52;2244540
FR0000120628;02/12/19;24.72;24.925;24.405;24.415;8622948
FR0000120644;02/12/19;74.80;75.04;73.04;73.24;1933893
FR0000120693;02/12/19;165.90;167.70;161.95;162.20;626023
FR0000121014;02/12/19;408.00;410.80;396.30;396.55;722510
FR0000121220;02/12/19;105.75;106.75;104.05;104.15;336570
FR0000121261;02/12/19;109.15;110.40;107.05;107.30;627117
FR0000121329;02/12/19;89.12;89.46;86.32;86.58;573117
FR0000121485;02/12/19;546.00;551.40;537.50;540.40;233793
FR0000121501;02/12/19;21.99;22.13;21.45;21.53;3310869
FR0000121667;02/12/19;141.10;142.30;136.30;136.40;845781
FR0000121972;02/12/19;87.68;88.96;86.10;86.50;1676592
FR0000124141;02/12/19;23.26;23.39;22.65;22.75;1916970
FR0000125007;02/12/19;36.815;37.495;36.64;36.74;2110019
FR0000125338;02/12/19;107.35;107.95;103.95;104.35;755994
FR0000125486;02/12/19;98.90;99.44;96.84;96.84;1370072
FR0000127771;02/12/19;24.97;25.10;24.52;24.54;4023540
FR0000130577;02/12/19;40.12;40.12;38.98;39.17;1024151
FR0000130650;02/12/19;143.25;144.50;139.55;139.60;434447
FR0000130809;02/12/19;28.72;29.135;28.31;28.42;4442018
FR0000131104;02/12/19;51.18;51.72;50.22;50.35;4110104
FR0000131906;02/12/19;43.61;44.47;43.16;43.215;1353934
FR0000133308;02/12/19;14.795;14.80;14.305;14.38;11062134
FR0010208488;02/12/19;14.49;14.545;14.04;14.06;8542430
FR0010307819;02/12/19;71.68;72.70;71.04;71.32;819044
FR0013326246;02/12/19;141.90;142.50;138.85;139.60;510426
GB00BDSFG982;02/12/19;17.095;17.325;16.94;16.95;1461300
LU1598757687;02/12/19;15.696;15.932;15.274;15.28;6480854
NL0000226223;02/12/19;22.36;22.59;21.73;21.80;4151848
NL0000235190;02/12/19;133.86;134.40;129.78;129.78;1991605
