FR0000045072;01/08/19;10.90;11.08;10.79;10.87;5846812
FR0000051732;01/08/19;72.34;74.00;72.30;74.00;297718
FR0000052292;01/08/19;634.40;645.40;633.80;644.60;43374
FR0000073272;01/08/19;129.00;131.20;128.55;130.55;686289
FR0000120073;01/08/19;113.0909;114.7727;112.8182;114.7727;911889
FR0000120172;01/08/19;17.375;17.47;17.29;17.35;1524611
FR0000120271;01/08/19;46.73;46.93;46.27;46.55;5688453
FR0000120321;01/08/19;239.50;245.30;239.20;245.20;474139
FR0000120404;01/08/19;40.05;40.54;39.30;40.00;879505
FR0000120503;01/08/19;32.35;33.02;32.30;32.92;991214
FR0000120578;01/08/19;75.65;76.14;74.99;75.49;2015449
FR0000120628;01/08/19;22.95;23.22;22.905;23.165;6390431
FR0000120644;01/08/19;77.84;79.14;77.66;79.14;1436723
FR0000120693;01/08/19;158.50;162.35;158.35;162.25;401260
FR0000121014;01/08/19;373.00;379.30;372.85;379.10;446812
FR0000121220;01/08/19;103.65;105.15;103.65;104.90;174484
FR0000121261;01/08/19;99.70;100.85;99.28;99.94;600794
FR0000121329;01/08/19;102.00;102.40;101.65;102.30;200640
FR0000121485;01/08/19;466.60;474.60;464.60;469.45;212751
FR0000121501;01/08/19;21.30;21.47;20.94;21.15;1660019
FR0000121667;01/08/19;123.50;129.60;122.90;127.70;1137102
FR0000121972;01/08/19;77.22;78.74;77.12;78.74;1066263
FR0000124141;01/08/19;22.89;22.96;21.89;22.27;3232480
FR0000125007;01/08/19;34.75;35.145;34.615;34.88;1014560
FR0000125338;01/08/19;115.00;116.55;114.85;116.45;596010
FR0000125486;01/08/19;92.82;94.16;92.06;94.16;1437151
FR0000127771;01/08/19;25.19;25.28;24.88;25.02;2174388
FR0000130577;01/08/19;44.57;45.32;44.46;44.51;613254
FR0000130650;01/08/19;136.45;139.45;136.45;139.45;363327
FR0000130809;01/08/19;22.85;23.615;22.695;23.50;8499965
FR0000131104;01/08/19;42.205;43.335;42.20;42.845;5001753
FR0000131906;01/08/19;50.10;50.69;49.82;50.31;1089254
FR0000133308;01/08/19;13.395;13.61;13.38;13.52;6113714
FR0010208488;01/08/19;13.83;13.955;13.73;13.85;5744508
FR0010307819;01/08/19;63.60;65.62;63.60;65.50;599394
FR0013326246;01/08/19;123.50;124.20;119.65;122.50;1152994
GB00BDSFG982;01/08/19;25.11;25.15;24.42;24.49;1474510
LU1598757687;01/08/19;14.36;14.938;13.898;14.302;7990672
NL0000226223;01/08/19;16.475;16.92;16.195;16.92;2502041
NL0000235190;01/08/19;128.08;129.98;127.62;129.42;1296566
