FR0000045072;02/09/19;10.37;10.42;10.30;10.355;2690406
FR0000051732;02/09/19;68.72;68.96;67.96;68.18;215750
FR0000052292;02/09/19;622.60;624.60;620.60;624.20;21546
FR0000073272;02/09/19;131.90;132.15;130.65;131.90;468542
FR0000120073;02/09/19;115.0909;115.9091;115.00;115.8182;401134
FR0000120172;02/09/19;15.50;15.695;15.50;15.605;992002
FR0000120271;02/09/19;45.36;45.43;45.145;45.28;2109748
FR0000120321;02/09/19;247.60;252.60;247.10;251.20;350593
FR0000120404;02/09/19;39.26;39.45;39.00;39.41;296415
FR0000120503;02/09/19;34.54;34.70;33.84;33.99;884759
FR0000120578;02/09/19;78.29;79.74;78.11;79.53;1507147
FR0000120628;02/09/19;20.90;21.105;20.88;20.99;3781589
FR0000120644;02/09/19;81.28;81.92;81.04;81.56;804701
FR0000120693;02/09/19;173.75;177.45;173.70;177.20;377365
FR0000121014;02/09/19;362.25;364.35;360.75;362.90;215030
FR0000121220;02/09/19;102.55;104.05;102.55;104.05;189533
FR0000121261;02/09/19;95.40;95.46;94.26;94.70;423986
FR0000121329;02/09/19;104.95;105.90;104.65;105.60;173466
FR0000121485;02/09/19;442.45;443.35;438.30;440.85;95269
FR0000121501;02/09/19;20.30;20.38;20.15;20.23;1033958
FR0000121667;02/09/19;134.55;135.40;133.35;133.45;441172
FR0000121972;02/09/19;76.02;76.34;75.36;75.64;622258
FR0000124141;02/09/19;21.78;22.03;21.74;21.92;1299513
FR0000125007;02/09/19;32.755;33.075;32.57;32.615;929221
FR0000125338;02/09/19;109.05;109.85;107.75;108.25;263872
FR0000125486;02/09/19;99.24;99.96;99.18;99.84;656740
FR0000127771;02/09/19;25.34;25.50;25.18;25.30;1262160
FR0000130577;02/09/19;43.67;43.72;43.29;43.42;261424
FR0000130650;02/09/19;128.45;128.75;126.75;127.60;145237
FR0000130809;02/09/19;23.06;23.32;22.96;23.05;1907726
FR0000131104;02/09/19;40.915;41.48;40.85;41.045;1754434
FR0000131906;02/09/19;52.00;52.56;51.56;52.00;618554
FR0000133308;02/09/19;13.83;13.93;13.78;13.83;4372006
FR0010208488;02/09/19;13.80;13.985;13.75;13.865;2868842
FR0010307819;02/09/19;64.18;64.42;64.00;64.34;285593
FR0013326246;02/09/19;119.00;120.35;118.85;119.80;738429
GB00BDSFG982;02/09/19;22.44;22.69;22.24;22.36;609726
LU1598757687;02/09/19;13.152;13.298;12.774;12.878;4806826
NL0000226223;02/09/19;16.115;16.25;15.895;16.055;1018028
NL0000235190;02/09/19;125.82;126.36;124.84;126.00;489160
