FR0000045072;01/11/19;11.70;11.82;11.605;11.77;5059301
FR0000051732;01/11/19;69.44;69.50;68.24;68.46;336458
FR0000052292;01/11/19;645.20;655.00;645.20;651.80;48931
FR0000073272;01/11/19;142.90;143.50;142.35;143.10;594616
FR0000120073;01/11/19;119.45;119.60;117.85;118.45;697900
FR0000120172;01/11/19;15.265;15.31;15.115;15.215;1175408
FR0000120271;01/11/19;47.455;47.84;47.295;47.75;3656445
FR0000120321;01/11/19;262.20;264.00;259.40;260.40;301658
FR0000120404;01/11/19;38.72;39.67;38.66;39.55;911786
FR0000120503;01/11/19;38.30;38.57;38.07;38.46;710304
FR0000120578;01/11/19;82.35;82.55;81.13;81.57;1965173
FR0000120628;01/11/19;23.78;23.89;23.64;23.83;3273476
FR0000120644;01/11/19;74.68;74.84;73.96;73.98;926167
FR0000120693;01/11/19;165.90;166.75;164.20;164.20;257111
FR0000121014;01/11/19;384.50;389.70;384.20;389.25;309162
FR0000121220;01/11/19;98.94;99.42;98.32;98.60;180231
FR0000121261;01/11/19;109.55;111.25;109.05;111.20;517785
FR0000121329;01/11/19;87.80;87.82;86.72;86.72;406208
FR0000121485;01/11/19;511.30;519.20;511.20;515.00;152658
FR0000121501;01/11/19;22.74;23.57;22.56;23.36;6531699
FR0000121667;01/11/19;137.50;138.20;136.05;136.05;384973
FR0000121972;01/11/19;83.52;84.36;83.28;84.12;759560
FR0000124141;01/11/19;23.65;23.67;23.37;23.42;1143445
FR0000125007;01/11/19;36.68;37.055;36.61;36.975;1051622
FR0000125338;01/11/19;101.00;102.85;101.00;102.35;337983
FR0000125486;01/11/19;100.75;102.50;100.75;101.75;697054
FR0000127771;01/11/19;25.00;25.11;24.94;25.00;1948921
FR0000130577;01/11/19;38.57;38.94;38.52;38.87;394727
FR0000130650;01/11/19;136.05;136.95;135.60;135.70;237499
FR0000130809;01/11/19;25.415;25.965;25.325;25.86;3101585
FR0000131104;01/11/19;47.00;47.45;46.595;47.17;2703128
FR0000131906;01/11/19;46.00;46.83;45.675;46.725;1442214
FR0000133308;01/11/19;14.515;14.545;14.35;14.395;5269363
FR0010208488;01/11/19;15.055;15.055;14.785;14.85;3660464
FR0010307819;01/11/19;70.14;71.12;69.98;71.00;322788
FR0013326246;01/11/19;139.35;139.35;137.80;137.80;239670
GB00BDSFG982;01/11/19;17.715;18.24;17.64;18.09;1350232
LU1598757687;01/11/19;13.374;14.112;13.346;14.028;8827207
NL0000226223;01/11/19;20.41;20.78;20.41;20.75;2574096
NL0000235190;01/11/19;129.20;130.36;128.14;129.98;1372617
