FR0000045072;03/09/18;11.786;11.906;11.774;11.884;4571957
FR0000051732;03/09/18;103.20;103.25;100.80;101.85;220138
FR0000052292;03/09/18;560.00;562.40;557.00;562.40;24662
FR0000073272;03/09/18;112.20;112.75;111.95;112.45;447133
FR0000120073;03/09/18;98.3636;99.00;98.1364;99.00;435702
FR0000120172;03/09/18;15.37;15.565;15.32;15.485;2274763
FR0000120271;03/09/18;53.69;54.25;53.66;54.14;2133688
FR0000120321;03/09/18;205.90;207.20;205.50;207.00;201874
FR0000120404;03/09/18;43.08;43.52;42.85;43.36;520894
FR0000120503;03/09/18;38.02;38.24;36.83;36.97;1334169
FR0000120578;03/09/18;73.80;74.76;73.75;74.50;1491738
FR0000120628;03/09/18;21.95;22.14;21.785;22.12;7190763
FR0000120644;03/09/18;67.83;68.03;67.72;67.87;741808
FR0000120693;03/09/18;136.00;136.25;135.60;136.25;241796
FR0000121014;03/09/18;299.50;303.75;297.60;302.30;495267
FR0000121220;03/09/18;89.74;89.74;88.70;89.64;224451
FR0000121261;03/09/18;101.45;101.60;100.45;101.30;457620
FR0000121329;03/09/18;121.40;122.35;121.00;121.85;159903
FR0000121485;03/09/18;468.50;468.60;460.20;462.20;161593
FR0000121501;03/09/18;23.64;23.71;23.40;23.70;1462207
FR0000121667;03/09/18;123.85;124.60;123.00;124.30;333377
FR0000121972;03/09/18;69.96;70.34;69.92;70.10;749922
FR0000124141;03/09/18;18.085;18.16;18.025;18.08;1166891
FR0000125007;03/09/18;37.00;37.095;36.235;36.51;1802823
FR0000125338;03/09/18;110.20;111.10;110.20;110.80;202134
FR0000125486;03/09/18;82.20;82.54;81.58;82.12;637072
FR0000127771;03/09/18;22.30;22.47;22.29;22.30;1983661
FR0000130577;03/09/18;55.14;55.26;54.70;54.98;477451
FR0000130650;03/09/18;139.30;140.85;138.45;139.90;187158
FR0000130809;03/09/18;35.305;35.50;35.225;35.37;2746106
FR0000131104;03/09/18;50.55;50.70;50.37;50.66;2031609
FR0000131906;03/09/18;73.79;73.89;73.17;73.39;550060
FR0000133308;03/09/18;13.95;14.00;13.815;13.95;4101409
FR0010208488;03/09/18;12.605;12.65;12.555;12.60;3278113
FR0010307819;03/09/18;64.72;65.00;64.30;64.64;341585
FR0013326246;03/09/18;181.00;181.30;177.06;177.08;369782
GB00BDSFG982;03/09/18;26.30;26.62;26.29;26.39;734963
LU1598757687;03/09/18;25.80;26.055;25.80;25.93;1842184
NL0000226223;03/09/18;17.655;17.77;17.505;17.715;742822
NL0000235190;03/09/18;106.04;107.70;105.94;107.50;595428
