FR0000045072;02/01/19;9.298;9.348;9.095;9.313;4976608
FR0000051732;02/01/19;70.82;72.16;69.84;71.78;283683
FR0000052292;02/01/19;480.00;480.30;471.70;477.60;63153
FR0000073272;02/01/19;104.35;104.50;102.35;103.45;759106
FR0000120073;02/01/19;96.9545;97.00;95.7727;96.4545;748225
FR0000120172;02/01/19;14.84;14.84;14.485;14.68;2062844
FR0000120271;02/01/19;45.26;46.885;44.775;46.655;6652627
FR0000120321;02/01/19;199.00;200.70;197.10;199.60;449752
FR0000120404;02/01/19;36.94;36.94;36.04;36.60;562162
FR0000120503;02/01/19;31.00;31.00;30.27;30.44;785148
FR0000120578;02/01/19;73.42;75.60;72.75;75.40;2077394
FR0000120628;02/01/19;18.62;18.816;18.428;18.806;8028529
FR0000120644;02/01/19;61.25;61.25;60.20;61.04;1264133
FR0000120693;02/01/19;142.30;142.30;139.85;141.20;343068
FR0000121014;02/01/19;254.05;256.05;249.80;253.30;561858
FR0000121220;02/01/19;89.16;89.58;87.82;88.42;247273
FR0000121261;02/01/19;85.64;85.86;83.74;85.58;428028
FR0000121329;02/01/19;101.15;102.05;99.98;101.70;202935
FR0000121485;02/01/19;404.70;405.40;395.80;402.80;220756
FR0000121501;02/01/19;18.435;18.435;17.87;18.12;1934035
FR0000121667;02/01/19;109.80;111.15;108.95;110.70;713317
FR0000121972;02/01/19;59.00;59.34;57.62;59.22;1255158
FR0000124141;02/01/19;17.805;17.83;17.51;17.80;1950308
FR0000125007;02/01/19;28.76;28.865;28.275;28.78;1663639
FR0000125338;02/01/19;85.60;85.62;83.48;84.26;608460
FR0000125486;02/01/19;71.26;71.80;70.20;71.44;1064299
FR0000127771;02/01/19;21.04;21.28;20.80;21.24;2408522
FR0000130577;02/01/19;49.43;49.73;48.72;49.54;674159
FR0000130650;02/01/19;102.80;103.50;100.70;102.85;479666
FR0000130809;02/01/19;27.44;27.51;26.88;27.425;3526621
FR0000131104;02/01/19;38.73;39.105;38.135;39.085;4275030
FR0000131906;02/01/19;53.82;53.82;51.98;52.93;1307962
FR0000133308;02/01/19;14.065;14.185;13.885;14.095;4910990
FR0010208488;02/01/19;12.35;12.545;12.17;12.54;5667806
FR0010307819;02/01/19;49.15;49.15;48.23;48.94;494658
FR0013326246;02/01/19;133.14;133.34;130.18;132.62;531727
GB00BDSFG982;02/01/19;17.00;17.535;16.60;17.495;2295989
LU1598757687;02/01/19;17.90;17.90;17.056;17.698;7293409
NL0000226223;02/01/19;12.225;12.225;11.915;12.145;2863004
NL0000235190;02/01/19;83.58;84.45;82.10;84.17;1483033
