FR0000045072;02/01/20;13.00;13.22;12.98;13.185;4392676
FR0000051732;02/01/20;72.40;75.68;71.94;75.44;636319
FR0000052292;02/01/20;670.80;674.80;666.20;671.00;42679
FR0000073272;02/01/20;138.30;138.35;137.05;137.60;727750
FR0000120073;02/01/20;126.50;127.30;126.00;126.70;710970
FR0000120172;02/01/20;15.06;15.095;14.915;14.97;1699929
FR0000120271;02/01/20;49.41;50.09;49.41;49.815;4326276
FR0000120321;02/01/20;264.20;266.70;263.20;264.20;351300
FR0000120404;02/01/20;42.12;42.24;41.76;41.76;575627
FR0000120503;02/01/20;38.20;38.79;38.00;38.61;919307
FR0000120578;02/01/20;89.60;91.05;89.58;90.22;1711335
FR0000120628;02/01/20;25.39;25.585;25.315;25.46;4774864
FR0000120644;02/01/20;74.28;74.56;73.90;73.98;1261840
FR0000120693;02/01/20;160.55;161.35;159.30;160.35;227270
FR0000121014;02/01/20;418.00;421.50;416.40;419.15;347226
FR0000121220;02/01/20;106.50;106.50;105.45;105.60;179044
FR0000121261;02/01/20;109.70;110.10;108.35;108.45;322379
FR0000121329;02/01/20;93.00;93.78;92.68;92.94;291383
FR0000121485;02/01/20;592.70;598.00;591.20;598.00;178651
FR0000121501;02/01/20;21.41;22.01;21.41;21.74;1877667
FR0000121667;02/01/20;136.15;137.25;135.80;136.70;522311
FR0000121972;02/01/20;92.16;93.56;92.14;93.06;1084445
FR0000124141;02/01/20;23.86;24.07;23.82;23.93;1089208
FR0000125007;02/01/20;36.695;37.255;36.62;36.985;1051278
FR0000125338;02/01/20;109.80;111.65;109.20;111.05;254763
FR0000125486;02/01/20;99.54;100.05;99.16;99.84;865013
FR0000127771;02/01/20;26.31;26.35;26.02;26.25;3083270
FR0000130577;02/01/20;40.60;41.14;40.52;40.68;514039
FR0000130650;02/01/20;147.40;147.95;146.60;147.30;264443
FR0000130809;02/01/20;31.325;31.825;31.285;31.655;3265458
FR0000131104;02/01/20;53.20;54.00;53.18;53.58;2783637
FR0000131906;02/01/20;42.73;43.00;41.69;41.90;1200455
FR0000133308;02/01/20;13.265;13.295;13.175;13.175;5798868
FR0010208488;02/01/20;14.46;14.735;14.44;14.695;4764834
FR0010307819;02/01/20;72.84;73.90;72.72;73.54;425445
FR0013326246;02/01/20;141.30;142.05;140.35;141.40;302202
GB00BDSFG982;02/01/20;19.06;19.285;18.925;18.925;1177573
LU1598757687;02/01/20;15.81;16.122;15.80;15.83;5265834
NL0000226223;02/01/20;24.20;24.94;24.13;24.79;1987682
NL0000235190;02/01/20;132.58;135.72;132.02;133.52;1254852
