FR0000045072;01/03/19;11.342;11.37;11.13;11.138;8024737
FR0000051732;01/03/19;84.64;85.64;84.30;85.24;408005
FR0000052292;01/03/19;563.80;567.40;561.00;562.40;54793
FR0000073272;01/03/19;119.80;120.70;119.60;120.00;769703
FR0000120073;01/03/19;100.1818;100.8636;99.7273;100.4091;1078803
FR0000120172;01/03/19;17.70;18.145;17.485;17.71;4306148
FR0000120271;01/03/19;50.27;50.34;49.76;49.875;5527268
FR0000120321;01/03/19;225.00;225.00;221.30;223.40;422982
FR0000120404;01/03/19;37.17;37.50;37.00;37.00;876405
FR0000120503;01/03/19;33.25;33.51;33.08;33.18;974544
FR0000120578;01/03/19;73.58;74.15;73.33;74.00;2527189
FR0000120628;01/03/19;22.39;22.63;22.325;22.525;8050754
FR0000120644;01/03/19;66.57;66.62;65.73;65.88;1858045
FR0000120693;01/03/19;152.00;153.40;151.30;153.15;375356
FR0000121014;01/03/19;305.00;310.35;304.50;306.60;698031
FR0000121220;01/03/19;96.80;97.88;95.86;96.16;223250
FR0000121261;01/03/19;106.05;107.00;105.15;105.40;517384
FR0000121329;01/03/19;108.80;109.45;106.60;107.15;276354
FR0000121485;01/03/19;500.00;500.80;491.80;495.50;309691
FR0000121501;01/03/19;22.52;23.14;22.46;22.81;3349658
FR0000121667;01/03/19;106.60;107.55;106.55;106.70;567115
FR0000121972;01/03/19;68.42;69.26;68.16;69.06;1783273
FR0000124141;01/03/19;19.495;19.54;19.355;19.36;1570699
FR0000125007;01/03/19;31.95;31.96;31.315;31.335;2469364
FR0000125338;01/03/19;105.65;107.65;105.50;107.10;553775
FR0000125486;01/03/19;83.52;84.00;83.16;83.16;1397608
FR0000127771;01/03/19;25.72;25.83;25.42;25.62;4538806
FR0000130577;01/03/19;48.87;50.06;48.81;49.76;1121807
FR0000130650;01/03/19;128.75;130.40;128.55;129.95;267998
FR0000130809;01/03/19;27.05;27.495;26.985;27.04;5479428
FR0000131104;01/03/19;45.40;45.535;44.895;44.895;4772152
FR0000131906;01/03/19;60.44;61.20;60.30;60.65;628105
FR0000133308;01/03/19;13.385;13.475;13.29;13.33;6345789
FR0010208488;01/03/19;13.27;13.41;13.245;13.34;6762703
FR0010307819;01/03/19;58.40;58.40;57.96;58.20;425492
FR0013326246;01/03/19;142.22;143.56;141.70;141.80;443603
GB00BDSFG982;01/03/19;19.80;20.04;19.73;19.78;1355645
LU1598757687;01/03/19;20.30;20.66;20.30;20.32;3528050
NL0000226223;01/03/19;14.50;14.81;14.50;14.695;3891389
NL0000235190;01/03/19;114.06;114.34;113.34;113.90;1263899
