FR0000045072;02/05/19;12.215;12.505;12.16;12.34;6636696
FR0000051732;02/05/19;93.38;93.38;90.06;93.16;1481885
FR0000052292;02/05/19;624.80;625.20;616.20;618.00;63064
FR0000073272;02/05/19;129.90;130.00;126.90;126.90;762921
FR0000120073;02/05/19;107.7273;107.8182;107.00;107.7273;867006
FR0000120172;02/05/19;17.295;17.505;17.295;17.325;1608870
FR0000120271;02/05/19;49.745;49.80;49.17;49.38;7623246
FR0000120321;02/05/19;244.00;244.10;238.50;238.70;633402
FR0000120404;02/05/19;37.50;38.16;37.41;37.83;809090
FR0000120503;02/05/19;33.49;33.81;33.35;33.67;958893
FR0000120578;02/05/19;78.24;78.41;77.03;77.03;2397975
FR0000120628;02/05/19;22.66;22.755;22.525;22.63;9732070
FR0000120644;02/05/19;71.90;72.24;71.76;71.82;1367488
FR0000120693;02/05/19;156.45;156.45;154.35;154.35;464329
FR0000121014;02/05/19;349.45;351.20;348.15;351.00;686263
FR0000121220;02/05/19;101.90;102.20;101.20;102.20;368060
FR0000121261;02/05/19;114.85;115.50;114.10;114.45;564667
FR0000121329;02/05/19;105.40;105.40;102.65;105.15;576794
FR0000121485;02/05/19;524.00;524.00;514.80;520.20;220154
FR0000121501;02/05/19;22.95;23.10;22.60;22.90;2322792
FR0000121667;02/05/19;108.50;109.35;106.90;106.90;899785
FR0000121972;02/05/19;74.72;74.96;73.96;73.96;1584440
FR0000124141;02/05/19;21.15;21.58;21.15;21.27;2830824
FR0000125007;02/05/19;36.495;36.80;36.07;36.33;1555765
FR0000125338;02/05/19;107.65;107.90;106.15;107.40;546317
FR0000125486;02/05/19;89.60;89.82;89.02;89.18;1399906
FR0000127771;02/05/19;25.69;25.93;25.60;25.79;2642029
FR0000130577;02/05/19;52.70;53.88;52.56;53.38;919440
FR0000130650;02/05/19;140.00;140.20;134.55;136.70;414606
FR0000130809;02/05/19;28.01;29.205;27.985;28.38;6625792
FR0000131104;02/05/19;48.16;49.315;47.74;48.00;5626874
FR0000131906;02/05/19;60.90;61.87;60.36;60.91;822398
FR0000133308;02/05/19;14.00;14.20;13.945;14.105;8923018
FR0010208488;02/05/19;13.215;13.22;13.095;13.21;5190987
FR0010307819;02/05/19;63.00;63.50;62.16;62.16;1684313
FR0013326246;02/05/19;152.10;154.70;152.10;153.80;383186
GB00BDSFG982;02/05/19;21.40;21.49;20.93;20.93;2247704
LU1598757687;02/05/19;19.15;19.174;18.62;18.62;6291998
NL0000226223;02/05/19;16.46;16.605;16.275;16.395;2337923
NL0000235190;02/05/19;120.66;121.58;119.68;119.98;1602622
