FR0000045072;01/06/18;11.905;12.205;11.89;12.055;14645525
FR0000051732;01/06/18;116.60;119.80;115.35;118.10;606948
FR0000052292;01/06/18;610.00;613.80;604.80;607.60;74825
FR0000073272;01/06/18;103.15;104.05;102.60;103.70;988775
FR0000120073;01/06/18;96.7727;98.1818;96.7273;98.0909;1096994
FR0000120172;01/06/18;15.375;15.575;15.375;15.415;2821742
FR0000120271;01/06/18;52.26;52.90;52.26;52.73;6205310
FR0000120321;01/06/18;207.10;207.60;205.40;206.80;605509
FR0000120404;01/06/18;47.11;47.96;46.92;47.60;801161
FR0000120503;01/06/18;39.82;40.21;39.67;39.79;763672
FR0000120578;01/06/18;66.07;66.98;65.70;66.39;3226799
FR0000120628;01/06/18;21.595;22.055;21.55;21.83;10112178
FR0000120644;01/06/18;65.64;66.12;65.38;65.94;1838926
FR0000120693;01/06/18;144.40;144.40;142.25;142.70;499398
FR0000121014;01/06/18;300.55;302.75;298.90;301.90;703629
FR0000121220;01/06/18;83.26;83.50;82.58;83.00;354366
FR0000121261;01/06/18;111.50;112.70;111.25;112.05;554176
FR0000121329;01/06/18;109.10;109.30;108.15;108.30;263913
FR0000121485;01/06/18;492.70;495.70;491.30;491.80;184993
FR0000121501;01/06/18;20.14;20.31;20.12;20.13;2433521
FR0000121667;01/06/18;117.50;118.10;116.75;117.35;577478
FR0000121972;01/06/18;74.50;76.24;74.38;75.98;2035337
FR0000124141;01/06/18;19.555;19.62;19.40;19.415;1504944
FR0000125007;01/06/18;43.165;43.91;43.165;43.53;1716452
FR0000125338;01/06/18;113.00;115.20;112.75;115.15;529416
FR0000125486;01/06/18;84.36;85.26;84.22;84.98;1261742
FR0000127771;01/06/18;21.62;21.84;21.57;21.72;3178336
FR0000130577;01/06/18;59.90;60.50;59.38;59.90;480503
FR0000130650;01/06/18;120.85;122.05;120.05;121.20;358868
FR0000130809;01/06/18;37.45;37.975;37.25;37.53;6876261
FR0000131104;01/06/18;54.19;54.37;53.66;53.89;7493012
FR0000131906;01/06/18;83.34;84.82;83.06;83.63;959280
FR0000133308;01/06/18;14.84;14.885;14.71;14.79;6352922
FR0010208488;01/06/18;13.625;13.69;13.51;13.56;5799293
FR0010307819;01/06/18;63.68;64.82;63.62;64.54;502556
FR0013326246;01/06/18;192.55;192.80;189.65;189.65;988403
GB00BDSFG982;01/06/18;26.87;27.71;26.81;27.56;1946124
LU1598757687;01/06/18;27.69;28.485;27.68;27.975;5234544
NL0000226223;01/06/18;20.30;20.50;19.99;20.36;2591653
NL0000235190;01/06/18;98.02;99.67;97.98;99.39;1498403
