FR0000045072;01/07/19;10.745;10.95;10.725;10.785;6920990
FR0000051732;01/07/19;75.02;75.80;74.56;75.06;346740
FR0000052292;01/07/19;638.40;641.60;634.60;634.80;51498
FR0000073272;01/07/19;128.80;130.45;128.80;129.15;542780
FR0000120073;01/07/19;112.8182;113.0455;111.50;111.50;757528
FR0000120172;01/07/19;17.07;17.18;16.82;17.02;2639905
FR0000120271;01/07/19;49.96;49.96;49.50;49.775;3973735
FR0000120321;01/07/19;252.00;252.10;248.80;249.30;413240
FR0000120404;01/07/19;38.00;38.49;37.92;38.16;767358
FR0000120503;01/07/19;33.00;33.16;32.69;32.78;766061
FR0000120578;01/07/19;76.25;77.31;76.06;76.83;2147432
FR0000120628;01/07/19;23.30;23.39;23.21;23.24;4782841
FR0000120644;01/07/19;74.60;74.92;74.12;74.24;1406778
FR0000120693;01/07/19;163.15;164.05;161.30;162.85;340121
FR0000121014;01/07/19;380.15;381.95;372.20;374.60;635086
FR0000121220;01/07/19;103.45;103.60;102.55;102.85;175681
FR0000121261;01/07/19;113.30;114.95;111.85;112.10;487936
FR0000121329;01/07/19;109.05;109.65;107.65;107.90;279404
FR0000121485;01/07/19;524.00;532.70;523.20;525.10;214217
FR0000121501;01/07/19;22.07;22.30;21.66;21.66;1695283
FR0000121667;01/07/19;115.75;116.15;111.95;113.60;710973
FR0000121972;01/07/19;80.00;81.18;79.88;80.74;1280120
FR0000124141;01/07/19;21.71;21.71;21.40;21.56;1308743
FR0000125007;01/07/19;34.705;35.30;34.51;34.835;2067788
FR0000125338;01/07/19;112.20;112.70;110.70;111.60;461533
FR0000125486;01/07/19;90.50;90.82;90.28;90.46;981690
FR0000127771;01/07/19;24.39;24.60;24.29;24.51;3406211
FR0000130577;01/07/19;46.94;47.05;46.28;46.68;739735
FR0000130650;01/07/19;143.25;145.40;142.95;143.35;345549
FR0000130809;01/07/19;22.57;22.75;22.19;22.23;3470186
FR0000131104;01/07/19;42.395;42.73;41.96;42.085;3577651
FR0000131906;01/07/19;56.01;56.42;54.87;54.87;925321
FR0000133308;01/07/19;13.93;13.945;13.84;13.855;4723972
FR0010208488;01/07/19;13.485;13.485;13.285;13.44;4603019
FR0010307819;01/07/19;64.94;65.30;64.74;64.98;347519
FR0013326246;01/07/19;133.40;134.10;132.40;132.60;532423
GB00BDSFG982;01/07/19;23.15;23.30;22.98;23.16;1325598
LU1598757687;01/07/19;16.316;16.478;15.94;15.94;5585019
NL0000226223;01/07/19;16.405;16.61;16.225;16.24;6218489
NL0000235190;01/07/19;123.50;126.08;123.50;124.30;849429
