FR0000045072;01/08/18;12.07;12.14;11.97;11.98;6142904
FR0000051732;01/08/18;114.50;114.90;112.15;112.15;456537
FR0000052292;01/08/18;540.60;548.80;540.60;543.20;52745
FR0000073272;01/08/18;106.00;106.55;105.85;106.00;634661
FR0000120073;01/08/18;99.4545;99.9545;99.3182;99.7727;712768
FR0000120172;01/08/18;15.395;15.415;15.165;15.165;2855278
FR0000120271;01/08/18;55.39;55.70;55.36;55.48;4680252
FR0000120321;01/08/18;210.60;212.20;209.50;210.00;443421
FR0000120404;01/08/18;44.11;44.31;43.55;43.64;681984
FR0000120503;01/08/18;37.62;37.63;37.17;37.24;428591
FR0000120578;01/08/18;74.51;76.17;74.45;75.60;3207616
FR0000120628;01/08/18;21.58;21.80;21.50;21.685;6871166
FR0000120644;01/08/18;67.26;67.28;66.61;67.28;1499557
FR0000120693;01/08/18;137.95;139.05;137.70;138.60;380566
FR0000121014;01/08/18;299.00;302.60;297.70;298.45;448748
FR0000121220;01/08/18;94.54;94.76;93.92;94.30;243179
FR0000121261;01/08/18;110.45;110.45;108.60;109.00;537357
FR0000121329;01/08/18;112.40;112.70;111.90;112.55;180512
FR0000121485;01/08/18;457.20;462.00;455.50;458.60;177886
FR0000121501;01/08/18;25.00;25.20;24.41;24.62;3809074
FR0000121667;01/08/18;126.10;126.85;125.70;126.00;485160
FR0000121972;01/08/18;69.00;69.28;68.44;68.50;1439729
FR0000124141;01/08/18;19.34;19.38;18.755;18.895;3955338
FR0000125007;01/08/18;38.055;38.17;37.575;37.575;1997216
FR0000125338;01/08/18;109.45;110.15;107.30;107.30;832137
FR0000125486;01/08/18;85.98;85.98;84.54;84.54;1056199
FR0000127771;01/08/18;22.40;22.42;21.98;22.15;3748817
FR0000130577;01/08/18;54.58;54.74;54.12;54.36;540985
FR0000130650;01/08/18;127.70;128.50;127.00;127.50;271949
FR0000130809;01/08/18;38.485;38.50;37.815;37.97;3118767
FR0000131104;01/08/18;56.93;56.94;55.22;55.41;3601972
FR0000131906;01/08/18;75.64;75.75;73.70;73.74;1309394
FR0000133308;01/08/18;14.595;14.635;14.50;14.585;4627078
FR0010208488;01/08/18;13.805;13.81;13.52;13.54;4962265
FR0010307819;01/08/18;63.00;64.02;62.64;63.08;926836
FR0013326246;01/08/18;189.70;191.10;186.70;186.70;328785
GB00BDSFG982;01/08/18;27.67;28.06;27.13;27.56;1176003
LU1598757687;01/08/18;28.205;28.30;27.745;28.135;8572813
NL0000226223;01/08/18;18.75;18.985;18.50;18.62;3623897
NL0000235190;01/08/18;106.12;107.36;105.92;106.60;871755
