FR0000045072;03/02/20;12.29;12.415;12.205;12.34;4723880
FR0000051732;03/02/20;75.20;76.00;74.46;75.66;346022
FR0000052292;03/02/20;676.80;681.80;671.40;678.80;71237
FR0000073272;03/02/20;146.65;147.15;145.80;146.90;543440
FR0000120073;03/02/20;131.30;132.40;131.30;131.90;957408
FR0000120172;03/02/20;15.355;15.395;15.23;15.23;2241736
FR0000120271;03/02/20;43.955;44.14;43.67;43.76;6579474
FR0000120321;03/02/20;252.30;257.30;252.30;255.00;532868
FR0000120404;03/02/20;37.14;37.41;36.98;37.41;973974
FR0000120503;03/02/20;35.70;35.85;35.36;35.58;1026863
FR0000120578;03/02/20;87.46;88.51;87.30;87.60;2299455
FR0000120628;03/02/20;24.205;24.245;23.915;24.07;4776828
FR0000120644;03/02/20;72.84;73.02;72.52;72.76;968499
FR0000120693;03/02/20;157.00;157.65;155.45;157.00;579974
FR0000121014;03/02/20;394.65;399.20;391.05;396.75;561461
FR0000121220;03/02/20;94.92;96.14;94.62;95.58;434329
FR0000121261;03/02/20;105.50;106.65;104.75;105.20;388411
FR0000121329;03/02/20;99.18;99.48;98.64;99.30;212486
FR0000121485;03/02/20;555.00;557.80;550.00;554.10;249840
FR0000121501;03/02/20;18.60;18.98;18.555;18.90;3228406
FR0000121667;03/02/20;134.20;136.70;134.20;135.80;656294
FR0000121972;03/02/20;90.56;92.02;90.40;91.80;1073930
FR0000124141;03/02/20;26.67;26.86;26.61;26.67;1614328
FR0000125007;03/02/20;34.23;34.59;34.135;34.185;1324545
FR0000125338;03/02/20;112.80;114.60;112.65;114.00;406576
FR0000125486;03/02/20;100.45;100.95;100.20;100.50;1051463
FR0000127771;03/02/20;24.92;24.92;24.75;24.90;3462528
FR0000130577;03/02/20;40.10;40.12;39.23;39.99;952324
FR0000130650;03/02/20;157.00;158.40;156.60;158.35;364459
FR0000130809;03/02/20;29.29;29.53;29.105;29.285;2722897
FR0000131104;03/02/20;48.11;48.735;47.91;48.34;3293745
FR0000131906;03/02/20;35.245;35.345;34.68;34.855;1418371
FR0000133308;03/02/20;12.805;12.875;12.795;12.80;5873689
FR0010208488;03/02/20;15.48;15.635;15.44;15.63;6325752
FR0010307819;03/02/20;72.60;73.34;72.42;73.24;481167
FR0013326246;03/02/20;122.60;123.75;121.70;122.20;778878
GB00BDSFG982;03/02/20;15.05;15.205;14.80;15.025;2936299
LU1598757687;03/02/20;13.356;13.52;13.224;13.392;5136797
NL0000226223;03/02/20;25.29;25.83;25.06;25.75;3351287
NL0000235190;03/02/20;133.64;134.08;132.96;133.68;753424
