FR0000045072;01/02/18;15.265;15.445;15.055;15.22;4161250
FR0000051732;01/02/18;127.25;128.50;127.00;127.00;291863
FR0000052292;01/02/18;444.70;448.00;444.20;445.80;39559
FR0000073272;01/02/18;91.18;91.56;89.00;89.40;882371
FR0000120073;01/02/18;99.0909;99.6364;96.8182;97.2273;1281571
FR0000120172;01/02/18;19.25;19.275;18.945;19.085;3311250
FR0000120271;01/02/18;47.28;47.455;46.775;47.06;8244692
FR0000120321;01/02/18;184.00;184.30;181.00;181.30;592839
FR0000120404;01/02/18;45.88;45.95;45.48;45.68;897231
FR0000120503;01/02/18;44.87;44.93;44.30;44.42;634977
FR0000120578;01/02/18;71.18;71.71;70.12;70.36;2624606
FR0000120628;01/02/18;26.645;26.88;26.26;26.42;5796140
FR0000120644;01/02/18;69.73;70.41;69.25;69.34;1954893
FR0000120693;01/02/18;128.80;129.80;127.65;128.60;441909
FR0000121014;01/02/18;253.80;253.95;250.90;252.15;661700
FR0000121220;01/02/18;101.75;102.35;100.65;101.50;504885
FR0000121261;01/02/18;129.30;130.40;127.55;127.90;433902
FR0000121329;01/02/18;90.76;91.20;89.14;89.74;240184
FR0000121485;01/02/18;379.4418;380.0925;375.9095;379.6277;117639
FR0000121501;01/02/18;18.15;18.765;18.11;18.65;4494588
FR0000121667;01/02/18;114.60;115.10;112.25;112.35;498608
FR0000121972;01/02/18;75.58;75.84;74.20;74.38;1313968
FR0000124141;01/02/18;20.35;20.49;20.27;20.34;1890600
FR0000125007;01/02/18;47.00;47.275;46.135;46.325;2190791
FR0000125338;01/02/18;107.50;108.85;107.35;108.10;534424
FR0000125486;01/02/18;87.00;87.16;85.74;86.10;1386266
FR0000127771;01/02/18;23.49;23.56;23.15;23.42;3387045
FR0000130577;01/02/18;55.68;56.36;55.48;56.00;574570
FR0000130650;01/02/18;94.02;102.55;94.02;99.00;807901
FR0000130809;01/02/18;47.20;47.505;46.125;46.645;4257496
FR0000131104;01/02/18;67.23;67.62;65.86;66.63;3816246
FR0000131906;01/02/18;89.40;90.45;87.23;88.37;1059465
FR0000133308;01/02/18;14.595;14.675;14.43;14.455;6647114
FR0010208488;01/02/18;14.045;14.14;13.765;13.84;7860675
FR0010307819;01/02/18;67.14;67.44;66.18;66.42;570246
FR0013326246;01/02/18;209.00;209.50;202.20;202.70;577224
GB00BDSFG982;01/02/18;26.11;26.48;25.88;26.21;1090588
LU1598757687;01/02/18;29.90;30.165;28.805;28.925;8753911
NL0000226223;01/02/18;19.35;19.435;19.015;19.085;2636212
NL0000235190;01/02/18;93.10;93.20;90.73;91.17;1962691
