FR0000045072;02/01/18;13.94;14.06;13.855;13.97;5715943
FR0000051732;02/01/18;122.00;122.00;120.30;121.70;222668
FR0000052292;02/01/18;445.80;445.90;439.60;441.00;36036
FR0000073272;02/01/18;86.38;86.38;84.96;85.20;755373
FR0000120073;02/01/18;95.4545;95.5455;94.4091;95.00;1019508
FR0000120172;02/01/18;18.10;18.185;17.955;18.12;2054987
FR0000120271;02/01/18;46.405;46.405;45.845;46.06;4996405
FR0000120321;02/01/18;184.80;184.90;181.40;182.15;527426
FR0000120404;02/01/18;43.21;43.51;42.85;43.48;966332
FR0000120503;02/01/18;43.50;43.50;42.77;43.41;652945
FR0000120578;02/01/18;71.80;72.08;71.06;71.76;2239762
FR0000120628;02/01/18;24.80;24.805;24.47;24.76;5193046
FR0000120644;02/01/18;69.83;70.14;68.77;68.97;1495846
FR0000120693;02/01/18;132.05;132.10;130.15;130.25;327359
FR0000121014;02/01/18;245.65;246.00;240.80;241.30;630866
FR0000121220;02/01/18;111.95;112.45;110.50;111.75;195972
FR0000121261;02/01/18;119.65;120.05;117.40;120.05;286380
FR0000121329;02/01/18;91.22;91.78;90.62;91.16;323195
FR0000121485;02/01/18;364.3831;365.2197;354.6228;356.6678;168954
FR0000121501;02/01/18;16.96;16.995;16.455;16.915;2641718
FR0000121667;02/01/18;115.00;115.00;112.40;112.65;558941
FR0000121972;02/01/18;70.96;71.04;69.54;70.02;1171513
FR0000124141;02/01/18;21.37;21.37;21.01;21.17;1300641
FR0000125007;02/01/18;45.98;46.105;45.48;45.59;1271328
FR0000125338;02/01/18;98.86;99.00;97.72;99.00;374579
FR0000125486;02/01/18;85.66;85.66;84.36;84.92;1108347
FR0000127771;02/01/18;22.30;22.51;22.24;22.51;3373504
FR0000130577;02/01/18;56.60;56.60;54.90;55.00;723777
FR0000130650;02/01/18;88.92;88.92;87.52;88.30;222870
FR0000130809;02/01/18;43.245;43.615;42.73;43.165;3180109
FR0000131104;02/01/18;62.68;62.70;61.66;62.09;2785984
FR0000131906;02/01/18;84.00;84.13;81.53;83.80;871287
FR0000133308;02/01/18;14.52;14.53;14.39;14.52;5623409
FR0010208488;02/01/18;14.34;14.40;14.15;14.23;4784430
FR0010307819;02/01/18;64.04;64.38;63.36;64.10;463722
FR0013326246;02/01/18;209.70;210.40;206.40;209.30;461835
GB00BDSFG982;02/01/18;25.96;26.27;25.72;26.22;1051643
LU1598757687;02/01/18;27.13;28.025;26.85;28.025;5718503
NL0000226223;02/01/18;18.295;18.49;17.855;18.455;1774856
NL0000235190;02/01/18;83.03;83.48;82.22;82.75;1370065
