FR0000045072;01/10/19;11.18;11.245;10.945;10.985;4358999
FR0000051732;01/10/19;65.14;65.88;64.30;64.56;386449
FR0000052292;01/10/19;636.00;639.40;618.40;620.00;56321
FR0000073272;01/10/19;145.30;145.30;142.85;142.85;731229
FR0000120073;01/10/19;119.00;119.2273;117.2727;117.2727;752209
FR0000120172;01/10/19;16.10;16.22;15.845;15.855;2040784
FR0000120271;01/10/19;47.94;48.12;47.34;47.34;5162622
FR0000120321;01/10/19;257.80;258.90;249.50;250.10;632883
FR0000120404;01/10/19;38.32;38.58;37.83;38.01;503295
FR0000120503;01/10/19;36.90;37.35;36.54;36.68;1292696
FR0000120578;01/10/19;85.25;85.36;83.56;83.56;2030267
FR0000120628;01/10/19;23.515;23.545;23.005;23.065;6999727
FR0000120644;01/10/19;80.84;81.02;79.18;79.42;1314075
FR0000120693;01/10/19;163.85;165.05;162.40;163.15;520213
FR0000121014;01/10/19;366.80;367.55;357.10;357.10;508526
FR0000121220;01/10/19;103.60;103.85;101.15;101.15;285582
FR0000121261;01/10/19;103.15;103.90;101.60;102.25;530393
FR0000121329;01/10/19;106.00;107.20;104.90;105.45;377190
FR0000121485;01/10/19;470.75;470.75;453.65;453.65;213639
FR0000121501;01/10/19;23.05;23.20;22.38;22.48;2307751
FR0000121667;01/10/19;131.95;132.25;129.15;129.15;630867
FR0000121972;01/10/19;80.84;81.24;78.56;78.62;1131611
FR0000124141;01/10/19;23.29;23.35;22.98;23.12;1420157
FR0000125007;01/10/19;36.20;36.765;35.85;36.375;2346628
FR0000125338;01/10/19;109.00;110.05;107.10;107.65;358851
FR0000125486;01/10/19;99.00;99.54;97.44;97.72;840821
FR0000127771;01/10/19;25.23;25.43;25.03;25.10;2267202
FR0000130577;01/10/19;45.38;46.04;45.11;45.31;678033
FR0000130650;01/10/19;131.30;132.70;128.90;129.10;317553
FR0000130809;01/10/19;25.05;25.33;24.545;24.63;3666318
FR0000131104;01/10/19;44.90;45.07;43.965;44.04;3785352
FR0000131906;01/10/19;53.05;53.77;51.88;52.10;1158313
FR0000133308;01/10/19;14.375;14.525;14.325;14.36;5688880
FR0010208488;01/10/19;14.99;15.085;14.875;15.065;7366464
FR0010307819;01/10/19;65.64;66.64;65.00;65.26;713060
FR0013326246;01/10/19;134.00;134.90;132.05;132.85;577755
GB00BDSFG982;01/10/19;22.21;22.25;21.47;21.48;1421705
LU1598757687;01/10/19;13.10;13.232;12.672;12.744;7319381
NL0000226223;01/10/19;17.97;18.055;17.655;17.695;1908122
NL0000235190;01/10/19;120.00;120.36;116.16;116.74;1419321
