FR0000045072;01/02/19;9.965;10.00;9.802;9.911;6331535
FR0000051732;01/02/19;79.52;80.46;79.18;79.74;419040
FR0000052292;01/02/19;524.00;527.80;523.20;525.00;48643
FR0000073272;01/02/19;115.00;115.50;114.30;114.90;647172
FR0000120073;01/02/19;96.3636;97.0455;95.3636;96.8182;1017573
FR0000120172;01/02/19;17.375;17.45;17.175;17.375;1716496
FR0000120271;01/02/19;47.775;48.28;47.385;48.21;6748382
FR0000120321;01/02/19;211.40;212.20;209.60;211.80;452185
FR0000120404;01/02/19;38.05;38.25;37.91;38.09;664391
FR0000120503;01/02/19;31.05;31.09;30.56;31.03;932510
FR0000120578;01/02/19;76.19;76.23;74.89;75.40;2324746
FR0000120628;01/02/19;20.28;20.40;20.14;20.355;6282069
FR0000120644;01/02/19;63.81;64.37;63.46;64.09;1566797
FR0000120693;01/02/19;145.75;147.15;144.65;146.35;276217
FR0000121014;01/02/19;282.50;285.65;281.15;284.65;1008099
FR0000121220;01/02/19;91.04;91.56;90.62;91.36;259217
FR0000121261;01/02/19;95.68;96.34;94.80;94.90;411975
FR0000121329;01/02/19;96.50;99.28;96.38;98.78;408595
FR0000121485;01/02/19;439.70;446.20;438.60;446.20;270683
FR0000121501;01/02/19;22.20;22.42;22.02;22.24;1929049
FR0000121667;01/02/19;110.70;111.60;110.55;111.60;793018
FR0000121972;01/02/19;62.18;62.98;62.02;62.86;1729339
FR0000124141;01/02/19;18.65;18.685;18.255;18.635;2096046
FR0000125007;01/02/19;30.23;30.385;29.815;30.18;1314823
FR0000125338;01/02/19;96.66;97.36;95.18;95.38;748215
FR0000125486;01/02/19;77.00;77.32;76.36;77.24;1016839
FR0000127771;01/02/19;22.27;22.41;22.16;22.39;2273797
FR0000130577;01/02/19;53.46;54.30;53.38;54.30;547725
FR0000130650;01/02/19;109.95;111.40;108.75;109.70;238063
FR0000130809;01/02/19;27.23;27.26;26.315;26.485;7083539
FR0000131104;01/02/19;41.005;41.165;40.155;40.885;5016903
FR0000131906;01/02/19;62.29;62.85;60.88;61.41;1144129
FR0000133308;01/02/19;13.645;13.645;13.48;13.595;6513820
FR0010208488;01/02/19;14.005;14.09;13.87;14.09;5417845
FR0010307819;01/02/19;52.06;52.50;51.94;52.36;510919
FR0013326246;01/02/19;157.00;158.16;155.50;157.02;455553
GB00BDSFG982;01/02/19;19.86;20.28;19.705;20.27;1063703
LU1598757687;01/02/19;20.45;20.935;20.26;20.90;6050940
NL0000226223;01/02/19;13.91;13.965;13.745;13.905;2119468
NL0000235190;01/02/19;101.02;102.12;100.02;101.12;1587528
