FR0000045072;01/11/18;11.308;11.51;11.286;11.468;5468682
FR0000051732;01/11/18;75.38;77.38;74.40;76.62;360558
FR0000052292;01/11/18;505.00;507.00;494.60;504.00;70606
FR0000073272;01/11/18;114.40;115.55;112.85;113.10;1286623
FR0000120073;01/11/18;97.2273;97.7273;96.0909;96.3182;851801
FR0000120172;01/11/18;17.05;17.495;17.05;17.275;2646036
FR0000120271;01/11/18;51.50;51.63;50.33;50.64;7819308
FR0000120321;01/11/18;199.35;200.50;197.90;199.80;610929
FR0000120404;01/11/18;40.39;41.13;40.24;40.80;800675
FR0000120503;01/11/18;32.14;32.98;32.09;32.71;748061
FR0000120578;01/11/18;79.50;79.84;78.18;79.01;2789275
FR0000120628;01/11/18;22.14;22.37;22.05;22.18;5254823
FR0000120644;01/11/18;62.33;63.56;62.33;62.78;1342129
FR0000120693;01/11/18;134.45;136.20;133.65;136.20;652747
FR0000121014;01/11/18;268.80;270.15;264.95;269.80;624593
FR0000121220;01/11/18;90.36;90.92;89.94;90.70;309183
FR0000121261;01/11/18;89.74;92.12;88.96;90.58;716709
FR0000121329;01/11/18;112.60;113.50;112.35;113.00;278685
FR0000121485;01/11/18;393.10;399.20;390.30;399.00;334738
FR0000121501;01/11/18;21.00;21.40;20.70;20.81;2249823
FR0000121667;01/11/18;120.80;122.60;120.75;122.00;760818
FR0000121972;01/11/18;63.88;64.82;63.12;63.86;1478511
FR0000124141;01/11/18;17.625;17.90;17.54;17.61;1381354
FR0000125007;01/11/18;33.17;33.675;32.875;33.355;1533793
FR0000125338;01/11/18;107.65;108.80;106.25;108.10;524226
FR0000125486;01/11/18;78.92;79.62;78.54;78.68;919318
FR0000127771;01/11/18;21.34;21.69;21.25;21.40;3538952
FR0000130577;01/11/18;51.26;52.22;51.20;51.78;477633
FR0000130650;01/11/18;110.55;110.90;107.10;109.45;414890
FR0000130809;01/11/18;32.495;32.89;32.37;32.68;3651690
FR0000131104;01/11/18;45.60;46.695;45.60;46.255;5037962
FR0000131906;01/11/18;66.00;67.41;65.76;65.97;847606
FR0000133308;01/11/18;13.79;14.18;13.785;14.045;7473204
FR0010208488;01/11/18;11.745;12.055;11.73;11.97;9092633
FR0010307819;01/11/18;57.74;58.20;57.24;57.52;520168
FR0013326246;01/11/18;158.80;160.64;157.70;160.16;344398
GB00BDSFG982;01/11/18;23.20;23.56;22.92;23.14;1497407
LU1598757687;01/11/18;21.92;22.625;21.53;22.225;6623990
NL0000226223;01/11/18;13.465;13.83;13.36;13.83;3375183
NL0000235190;01/11/18;97.64;98.23;96.00;96.50;1878563
