FR0000045072;01/03/18;14.10;14.13;13.90;14.035;4884982
FR0000051732;01/03/18;108.55;109.25;106.90;107.05;382544
FR0000052292;01/03/18;442.20;445.60;438.60;441.60;52926
FR0000073272;01/03/18;90.68;90.70;88.84;88.96;1091220
FR0000120073;01/03/18;93.4546;93.9091;92.1818;92.4091;1553985
FR0000120172;01/03/18;18.12;18.30;17.35;17.81;11741814
FR0000120271;01/03/18;46.63;46.83;46.115;46.41;6723051
FR0000120321;01/03/18;176.55;176.95;172.75;173.30;773820
FR0000120404;01/03/18;47.00;47.16;45.84;46.06;2063815
FR0000120503;01/03/18;41.53;41.66;40.93;40.99;744258
FR0000120578;01/03/18;64.94;65.26;64.32;64.65;2974078
FR0000120628;01/03/18;25.795;25.945;25.46;25.79;8940154
FR0000120644;01/03/18;65.56;65.93;64.80;65.24;1777490
FR0000120693;01/03/18;134.65;135.30;132.40;133.15;552484
FR0000121014;01/03/18;246.00;246.45;241.65;244.10;649330
FR0000121220;01/03/18;100.60;101.20;99.16;99.96;400438
FR0000121261;01/03/18;126.70;127.55;124.10;124.25;625618
FR0000121329;01/03/18;91.22;91.96;90.50;91.06;279978
FR0000121485;01/03/18;362.3381;364.2901;356.7608;357.4115;227463
FR0000121501;01/03/18;19.45;20.15;19.08;19.45;10170693
FR0000121667;01/03/18;110.85;115.65;107.80;113.10;1878577
FR0000121972;01/03/18;71.38;71.52;70.44;70.68;1805007
FR0000124141;01/03/18;19.965;20.01;19.66;19.66;2638680
FR0000125007;01/03/18;46.525;46.91;46.18;46.37;3438869
FR0000125338;01/03/18;102.85;103.00;101.05;101.35;593539
FR0000125486;01/03/18;81.00;81.68;79.94;79.98;1634512
FR0000127771;01/03/18;21.21;21.28;20.70;20.71;4582747
FR0000130577;01/03/18;60.90;60.90;58.26;59.92;1970251
FR0000130650;01/03/18;105.85;106.20;104.15;104.80;339979
FR0000130809;01/03/18;46.83;47.00;46.11;46.58;3931493
FR0000131104;01/03/18;65.11;65.20;64.05;64.71;3389069
FR0000131906;01/03/18;89.20;90.54;89.00;90.00;1564612
FR0000133308;01/03/18;13.88;13.99;13.805;13.935;7588935
FR0010208488;01/03/18;12.845;12.94;12.65;12.74;9239767
FR0010307819;01/03/18;64.30;64.48;63.16;63.44;755873
FR0013326246;01/03/18;191.10;192.30;188.95;190.35;404469
GB00BDSFG982;01/03/18;23.93;23.93;23.53;23.74;1623464
LU1598757687;01/03/18;28.11;28.33;27.625;27.715;6589998
NL0000226223;01/03/18;18.74;18.78;17.915;18.10;2362484
NL0000235190;01/03/18;98.17;98.79;96.14;97.10;1760776
