FR0000045072;01/04/19;10.965;11.125;10.825;11.085;5645923
FR0000051732;01/04/19;86.22;88.20;86.22;88.02;343911
FR0000052292;01/04/19;594.00;597.60;593.00;597.40;60772
FR0000073272;01/04/19;123.75;123.90;122.30;123.20;575938
FR0000120073;01/04/19;103.4546;104.4545;103.2727;103.6364;762766
FR0000120172;01/04/19;16.745;16.835;16.675;16.77;1834370
FR0000120271;01/04/19;50.00;50.16;49.725;50.00;5111036
FR0000120321;01/04/19;241.30;241.40;238.60;240.40;467724
FR0000120404;01/04/19;36.08;36.50;36.08;36.50;1014502
FR0000120503;01/04/19;31.95;32.65;31.95;32.63;832029
FR0000120578;01/04/19;78.81;79.80;78.70;78.85;1479987
FR0000120628;01/04/19;22.595;22.81;22.49;22.705;5740595
FR0000120644;01/04/19;69.26;69.48;68.10;68.34;1161463
FR0000120693;01/04/19;160.00;160.70;158.50;158.50;322575
FR0000121014;01/04/19;332.50;333.75;330.00;333.25;675106
FR0000121220;01/04/19;98.50;99.26;97.88;98.82;209827
FR0000121261;01/04/19;107.00;109.50;106.75;109.30;799633
FR0000121329;01/04/19;107.35;109.15;107.15;109.15;220413
FR0000121485;01/04/19;520.00;524.20;517.10;522.10;246111
FR0000121501;01/04/19;22.04;22.65;22.00;22.65;2616658
FR0000121667;01/04/19;97.90;98.48;96.78;97.20;595806
FR0000121972;01/04/19;71.00;71.26;70.46;70.74;1363177
FR0000124141;01/04/19;20.03;20.10;19.91;20.02;1461159
FR0000125007;01/04/19;32.54;33.40;32.54;33.275;2341220
FR0000125338;01/04/19;108.80;109.85;108.55;109.85;422135
FR0000125486;01/04/19;87.00;87.64;86.64;87.50;1322021
FR0000127771;01/04/19;25.89;26.07;25.75;25.75;3085761
FR0000130577;01/04/19;48.39;48.39;45.12;46.01;2243367
FR0000130650;01/04/19;132.45;134.35;132.30;133.40;246595
FR0000130809;01/04/19;25.97;26.60;25.94;26.525;4636698
FR0000131104;01/04/19;43.14;43.835;42.775;43.48;4797946
FR0000131906;01/04/19;59.50;60.82;59.30;60.65;933515
FR0000133308;01/04/19;14.655;14.66;14.48;14.585;6032960
FR0010208488;01/04/19;13.33;13.38;13.235;13.315;3588047
FR0010307819;01/04/19;60.02;60.32;59.78;60.14;396855
FR0013326246;01/04/19;146.75;148.50;146.05;148.50;354975
GB00BDSFG982;01/04/19;21.02;21.52;20.98;21.44;1611571
LU1598757687;01/04/19;18.50;19.166;18.45;19.098;6459963
NL0000226223;01/04/19;13.36;13.795;13.30;13.73;5078867
NL0000235190;01/04/19;118.90;119.12;117.18;117.76;962091
