FR0000045072;01/10/18;12.36;12.418;12.026;12.138;10859359
FR0000051732;01/10/18;102.30;104.55;101.90;104.50;268935
FR0000052292;01/10/18;570.00;574.20;564.80;571.00;56005
FR0000073272;01/10/18;121.00;121.15;119.90;120.40;496020
FR0000120073;01/10/18;102.8182;103.6364;102.8182;103.3182;752848
FR0000120172;01/10/18;16.50;16.73;16.44;16.56;2507183
FR0000120271;01/10/18;56.11;56.48;56.00;56.37;4797525
FR0000120321;01/10/18;207.00;208.60;206.60;208.30;320291
FR0000120404;01/10/18;44.06;44.31;44.00;44.30;530462
FR0000120503;01/10/18;37.20;37.52;37.04;37.18;603006
FR0000120578;01/10/18;76.69;77.98;76.50;77.54;2485692
FR0000120628;01/10/18;23.125;23.285;22.985;23.06;5251551
FR0000120644;01/10/18;66.73;68.28;66.61;68.11;2218052
FR0000120693;01/10/18;141.90;142.20;140.75;141.30;448082
FR0000121014;01/10/18;304.55;307.95;303.60;306.90;401092
FR0000121220;01/10/18;91.24;91.82;91.04;91.62;297094
FR0000121261;01/10/18;103.30;104.55;102.35;103.55;668333
FR0000121329;01/10/18;122.50;123.80;122.40;122.40;261107
FR0000121485;01/10/18;462.70;469.50;462.00;468.40;200505
FR0000121501;01/10/18;23.20;23.23;22.64;22.81;3236777
FR0000121667;01/10/18;127.70;129.55;127.50;128.75;713327
FR0000121972;01/10/18;69.42;69.58;68.86;68.98;950651
FR0000124141;01/10/18;17.20;17.35;17.16;17.245;1870126
FR0000125007;01/10/18;37.135;37.135;36.33;36.475;2294429
FR0000125338;01/10/18;109.00;112.20;108.50;111.95;595590
FR0000125486;01/10/18;82.36;82.52;81.82;82.00;680417
FR0000127771;01/10/18;22.15;22.41;22.14;22.15;1974877
FR0000130577;01/10/18;51.50;52.64;51.22;52.34;651040
FR0000130650;01/10/18;128.65;129.50;128.50;129.45;234570
FR0000130809;01/10/18;36.905;37.11;36.375;36.595;3548264
FR0000131104;01/10/18;52.51;52.66;51.66;51.99;4618928
FR0000131906;01/10/18;74.63;75.04;73.59;74.32;750604
FR0000133308;01/10/18;13.74;13.775;13.59;13.62;5210064
FR0010208488;01/10/18;12.665;12.74;12.595;12.635;5811309
FR0010307819;01/10/18;62.72;63.24;62.68;63.00;355584
FR0013326246;01/10/18;174.00;174.26;172.78;172.78;324476
GB00BDSFG982;01/10/18;27.24;27.72;26.73;26.85;1367158
LU1598757687;01/10/18;26.715;26.975;26.50;26.605;4637986
NL0000226223;01/10/18;15.72;16.14;15.72;16.02;2182177
NL0000235190;01/10/18;108.68;108.74;107.10;107.40;805992
