FR0000045072;02/05/18;13.60;13.685;13.55;13.62;4070609
FR0000051732;02/05/18;112.25;113.10;109.10;109.10;567740
FR0000052292;02/05/18;535.40;542.60;534.60;542.00;73447
FR0000073272;02/05/18;97.74;97.80;96.78;97.56;1168339
FR0000120073;02/05/18;98.2273;98.7727;97.6818;98.4546;1026828
FR0000120172;02/05/18;17.065;17.07;16.855;16.855;2554847
FR0000120271;02/05/18;51.98;52.31;51.65;51.65;7030296
FR0000120321;02/05/18;198.95;199.00;195.05;195.50;957818
FR0000120404;02/05/18;46.91;48.17;46.74;47.19;1125544
FR0000120503;02/05/18;41.08;41.46;41.04;41.33;1162615
FR0000120578;02/05/18;65.00;66.34;64.95;65.86;3151416
FR0000120628;02/05/18;23.65;23.96;23.65;23.845;10402445
FR0000120644;02/05/18;66.91;67.06;66.47;66.64;1843280
FR0000120693;02/05/18;137.10;137.90;136.80;137.40;495932
FR0000121014;02/05/18;290.15;292.85;289.10;292.75;601909
FR0000121220;02/05/18;82.54;83.10;81.70;81.78;474711
FR0000121261;02/05/18;116.40;118.60;116.35;118.15;707904
FR0000121329;02/05/18;104.90;105.90;104.30;105.25;413256
FR0000121485;02/05/18;446.1834;453.8986;445.4398;451.7607;223897
FR0000121501;02/05/18;19.975;20.34;19.975;20.06;3164420
FR0000121667;02/05/18;112.70;114.10;112.45;113.85;524308
FR0000121972;02/05/18;73.26;74.06;73.02;73.36;1730180
FR0000124141;02/05/18;19.585;19.71;19.33;19.705;4183334
FR0000125007;02/05/18;43.805;44.13;43.585;43.875;2229929
FR0000125338;02/05/18;115.10;116.95;113.90;115.05;738719
FR0000125486;02/05/18;83.42;84.44;83.36;84.34;1602736
FR0000127771;02/05/18;22.15;22.84;22.15;22.74;8200980
FR0000130577;02/05/18;61.82;62.08;61.54;62.04;715589
FR0000130650;02/05/18;108.10;108.85;106.45;107.95;394560
FR0000130809;02/05/18;45.22;45.92;45.22;45.415;3759771
FR0000131104;02/05/18;64.00;64.37;63.90;64.35;3328173
FR0000131906;02/05/18;90.00;90.63;89.56;90.00;1348309
FR0000133308;02/05/18;15.085;15.18;15.02;15.14;6017799
FR0010208488;02/05/18;14.545;14.615;14.465;14.555;4643668
FR0010307819;02/05/18;64.48;64.64;63.98;64.26;837645
FR0013326246;02/05/18;198.50;198.90;196.55;197.10;480915
GB00BDSFG982;02/05/18;27.24;27.98;27.23;27.74;1909320
LU1598757687;02/05/18;28.05;28.78;28.035;28.565;5259927
NL0000226223;02/05/18;18.535;19.155;18.445;18.945;4336183
NL0000235190;02/05/18;97.99;98.53;96.46;98.07;2075219
