FR0000045072;03/12/18;11.19;11.238;11.028;11.084;4938826
FR0000051732;03/12/18;76.58;77.48;74.62;75.34;304630
FR0000052292;03/12/18;487.10;496.60;486.00;493.70;81256
FR0000073272;03/12/18;112.55;112.55;110.45;112.15;790972
FR0000120073;03/12/18;99.5455;99.8182;97.0455;97.2727;970417
FR0000120172;03/12/18;16.04;16.10;14.98;14.98;8562743
FR0000120271;03/12/18;50.99;50.99;49.755;49.815;7597964
FR0000120321;03/12/18;212.10;214.10;210.20;212.20;708277
FR0000120404;03/12/18;40.04;40.35;38.41;38.93;1484480
FR0000120503;03/12/18;34.70;34.70;33.58;33.76;1355854
FR0000120578;03/12/18;79.49;80.10;77.87;78.22;2973138
FR0000120628;03/12/18;21.995;22.00;21.55;21.58;6511305
FR0000120644;03/12/18;66.69;66.69;65.07;65.42;1853694
FR0000120693;03/12/18;143.55;143.90;140.45;141.00;353079
FR0000121014;03/12/18;260.50;269.05;260.10;265.25;1373047
FR0000121220;03/12/18;92.30;93.14;91.32;91.34;309417
FR0000121261;03/12/18;96.10;96.46;92.34;92.56;860574
FR0000121329;03/12/18;108.90;109.85;107.75;109.70;319582
FR0000121485;03/12/18;400.00;417.40;399.10;413.50;534587
FR0000121501;03/12/18;19.95;20.06;19.025;19.22;3346304
FR0000121667;03/12/18;113.00;114.55;112.50;113.50;1846944
FR0000121972;03/12/18;66.14;67.00;65.36;65.44;2075009
FR0000124141;03/12/18;18.90;19.17;18.745;18.79;1787716
FR0000125007;03/12/18;33.455;33.575;32.245;32.32;2318901
FR0000125338;03/12/18;106.20;107.35;105.25;106.05;571574
FR0000125486;03/12/18;78.32;78.34;74.64;75.40;2086704
FR0000127771;03/12/18;22.50;22.65;22.16;22.45;3723676
FR0000130577;03/12/18;52.68;53.16;52.20;52.34;602314
FR0000130650;03/12/18;108.10;111.65;108.10;111.65;570613
FR0000130809;03/12/18;33.09;33.305;32.71;32.85;3562528
FR0000131104;03/12/18;45.265;45.34;44.62;44.845;3980279
FR0000131906;03/12/18;63.00;63.69;61.86;61.86;1714311
FR0000133308;03/12/18;15.25;15.25;14.975;14.975;9317241
FR0010208488;03/12/18;12.605;12.685;12.48;12.55;4572413
FR0010307819;03/12/18;54.24;54.84;52.70;53.06;1098452
FR0013326246;03/12/18;153.80;154.36;149.18;149.60;620120
GB00BDSFG982;03/12/18;21.23;21.97;21.19;21.32;1704080
LU1598757687;03/12/18;21.60;21.725;20.82;20.82;8145603
NL0000226223;03/12/18;13.63;14.02;13.62;13.71;5663536
NL0000235190;03/12/18;97.27;97.30;95.06;95.70;1246570
