FR0000045072;03/04/18;13.10;13.275;13.10;13.225;5012393
FR0000051732;03/04/18;110.00;110.35;108.70;109.40;389630
FR0000052292;03/04/18;481.80;486.10;479.60;484.20;57290
FR0000073272;03/04/18;85.44;86.24;84.36;85.60;1094385
FR0000120073;03/04/18;90.1273;90.6727;89.60;89.8909;1146017
FR0000120172;03/04/18;16.74;16.94;16.575;16.695;3427707
FR0000120271;03/04/18;46.27;47.035;46.235;46.705;7557631
FR0000120321;03/04/18;183.85;184.70;182.35;183.40;649933
FR0000120404;03/04/18;43.56;43.92;43.30;43.77;597032
FR0000120503;03/04/18;40.27;40.92;40.26;40.77;786314
FR0000120578;03/04/18;65.00;65.20;63.97;64.37;2299510
FR0000120628;03/04/18;21.50;21.675;21.43;21.59;5940379
FR0000120644;03/04/18;65.40;65.53;64.77;64.77;1600222
FR0000120693;03/04/18;134.70;135.90;134.15;135.90;618742
FR0000121014;03/04/18;249.05;256.30;248.70;256.00;891386
FR0000121220;03/04/18;80.22;80.22;76.00;78.18;1852183
FR0000121261;03/04/18;119.15;119.70;117.00;118.30;644149
FR0000121329;03/04/18;98.44;100.70;98.00;99.66;442287
FR0000121485;03/04/18;363.1747;374.3293;361.5945;373.2138;276610
FR0000121501;03/04/18;19.45;19.64;19.245;19.43;3413024
FR0000121667;03/04/18;109.20;109.90;108.75;109.70;760686
FR0000121972;03/04/18;71.00;71.00;69.44;69.86;2152111
FR0000124141;03/04/18;19.12;19.265;19.05;19.14;1686094
FR0000125007;03/04/18;42.575;42.855;42.25;42.64;1391954
FR0000125338;03/04/18;100.25;100.75;99.60;100.25;444845
FR0000125486;03/04/18;79.20;79.72;78.98;78.98;1107475
FR0000127771;03/04/18;20.85;21.02;20.80;20.90;6593966
FR0000130577;03/04/18;56.00;56.14;55.28;55.28;533504
FR0000130650;03/04/18;109.65;110.65;109.15;110.15;289813
FR0000130809;03/04/18;43.805;44.105;43.45;43.74;2383311
FR0000131104;03/04/18;60.14;60.28;59.36;59.69;2699041
FR0000131906;03/04/18;97.00;97.79;95.95;96.42;1358057
FR0000133308;03/04/18;13.725;13.835;13.65;13.715;4296203
FR0010208488;03/04/18;13.515;13.71;13.50;13.665;5152248
FR0010307819;03/04/18;63.36;63.36;62.56;62.72;589043
FR0013326246;03/04/18;185.55;185.90;183.95;184.70;433032
GB00BDSFG982;03/04/18;23.21;23.46;23.02;23.37;1407232
LU1598757687;03/04/18;25.50;25.895;25.13;25.67;4870862
NL0000226223;03/04/18;17.50;17.64;17.325;17.425;4621111
NL0000235190;03/04/18;92.88;94.05;91.55;93.60;1394820
