FR0000045072;03/06/19;10.15;10.17;10.05;10.17;4390591
FR0000051732;03/06/19;67.60;68.48;66.82;68.06;416731
FR0000052292;03/06/19;593.80;598.60;591.80;597.60;54533
FR0000073272;03/06/19;117.00;119.10;116.20;119.05;700327
FR0000120073;03/06/19;101.0909;102.9091;100.9546;102.5909;911957
FR0000120172;03/06/19;16.755;16.92;16.69;16.92;1761611
FR0000120271;03/06/19;46.105;46.935;45.96;46.71;5637607
FR0000120321;03/06/19;240.00;241.70;238.30;241.50;424531
FR0000120404;03/06/19;32.83;32.93;32.56;32.69;542552
FR0000120503;03/06/19;31.14;31.14;30.85;31.14;733929
FR0000120578;03/06/19;72.12;73.75;71.74;73.75;2490079
FR0000120628;03/06/19;21.925;21.925;21.76;21.80;6698920
FR0000120644;03/06/19;71.32;72.96;71.06;72.96;2131732
FR0000120693;03/06/19;157.75;159.75;157.35;159.00;524855
FR0000121014;03/06/19;335.30;340.50;330.40;340.50;731788
FR0000121220;03/06/19;102.25;102.90;101.60;102.90;227165
FR0000121261;03/06/19;102.15;102.40;100.95;101.85;558704
FR0000121329;03/06/19;98.40;99.80;97.66;99.42;308413
FR0000121485;03/06/19;461.25;466.55;455.70;466.55;277790
FR0000121501;03/06/19;19.80;19.98;19.515;19.98;2049493
FR0000121667;03/06/19;102.55;105.00;101.95;105.00;819930
FR0000121972;03/06/19;70.14;71.86;70.14;71.86;1403885
FR0000124141;03/06/19;20.67;21.00;20.56;20.94;2006889
FR0000125007;03/06/19;32.225;32.715;31.975;32.675;2575169
FR0000125338;03/06/19;99.08;99.18;97.74;98.76;474969
FR0000125486;03/06/19;87.90;88.94;87.42;88.94;1039572
FR0000127771;03/06/19;24.06;24.43;24.04;24.41;4463951
FR0000130577;03/06/19;48.75;49.35;48.48;49.18;612683
FR0000130650;03/06/19;132.25;133.50;131.55;133.50;359584
FR0000130809;03/06/19;22.32;22.44;22.23;22.395;5167882
FR0000131104;03/06/19;40.60;41.025;40.415;40.815;4228688
FR0000131906;03/06/19;53.74;55.16;53.71;54.25;2199738
FR0000133308;03/06/19;13.96;14.15;13.905;14.15;7375083
FR0010208488;03/06/19;12.41;12.515;12.315;12.515;5390842
FR0010307819;03/06/19;58.84;59.46;58.36;59.46;625833
FR0013326246;03/06/19;135.10;135.20;133.40;134.70;382948
GB00BDSFG982;03/06/19;18.50;19.00;18.33;18.87;1438524
LU1598757687;03/06/19;13.10;13.404;12.898;13.318;6868385
NL0000226223;03/06/19;13.49;13.77;13.375;13.745;3326436
NL0000235190;03/06/19;113.70;117.16;112.86;117.16;1158939
